{
  "model": "Gemma3-1B-IT",
  "layer_type": "best_snr",
  "concepts": [
    "dolce_vs_amaro",
    "odore_forte_vs_inodore",
    "calma_vs_allerta",
    "duro_vs_morbido",
    "hot_vs_cold",
    "liscio_vs_ruvido",
    "luce_vs_buio",
    "luce_vs_buio_it20",
    "secco_vs_umido",
    "rumore_vs_silenzio"
  ],
  "layers_used": {
    "dolce_vs_amaro": 18,
    "odore_forte_vs_inodore": 18,
    "calma_vs_allerta": 18,
    "duro_vs_morbido": 23,
    "hot_vs_cold": 23,
    "liscio_vs_ruvido": 18,
    "luce_vs_buio": 23,
    "luce_vs_buio_it20": 23,
    "secco_vs_umido": 23,
    "rumore_vs_silenzio": 18
  },
  "layer_sources": {
    "dolce_vs_amaro": "summary(fallback)",
    "odore_forte_vs_inodore": "summary(fallback)",
    "calma_vs_allerta": "summary(fallback)",
    "duro_vs_morbido": "summary(fallback)",
    "hot_vs_cold": "summary(fallback)",
    "liscio_vs_ruvido": "summary(fallback)",
    "luce_vs_buio": "eval",
    "luce_vs_buio_it20": "eval",
    "secco_vs_umido": "summary(fallback)",
    "rumore_vs_silenzio": "summary(fallback)"
  },
  "matrix": [
    [
      1.0,
      -0.5294983778981597,
      0.45515438872428726,
      -0.37246881482255884,
      0.0526274282680492,
      0.4982555573797879,
      -0.3061619512509048,
      -0.28176716117788303,
      0.0749841075905156,
      -0.5680382801774879
    ],
    [
      -0.5294983778981597,
      1.0,
      -0.5082010286729832,
      0.122806082290785,
      -0.0295623936282027,
      -0.39440524588591913,
      0.6432286157984706,
      0.5404007098837228,
      -0.2199935354618824,
      0.7909115575593297
    ],
    [
      0.45515438872428726,
      -0.5082010286729832,
      1.0000000000000002,
      -0.2783119618992643,
      0.10914115563993283,
      0.42218651639502036,
      -0.35131957254049984,
      -0.2650919001976784,
      0.09544719793431755,
      -0.5554776639736229
    ],
    [
      -0.37246881482255884,
      0.122806082290785,
      -0.2783119618992643,
      0.9999999999999998,
      0.018224888091000594,
      -0.18897119665944515,
      0.16824146598030956,
      0.09960271185150754,
      0.14597246307217562,
      0.21333493749452323
    ],
    [
      0.0526274282680492,
      -0.0295623936282027,
      0.10914115563993283,
      0.018224888091000594,
      1.0000000000000002,
      0.01637032522465898,
      0.021404388012637904,
      -0.043585558547838237,
      -0.005227708254322097,
      -0.015032953518176894
    ],
    [
      0.4982555573797879,
      -0.39440524588591913,
      0.42218651639502036,
      -0.18897119665944515,
      0.01637032522465898,
      1.0,
      -0.25241556166931883,
      -0.23938484147472908,
      0.03502304547460474,
      -0.5166403130923013
    ],
    [
      -0.3061619512509048,
      0.6432286157984706,
      -0.35131957254049984,
      0.16824146598030956,
      0.021404388012637904,
      -0.25241556166931883,
      1.0,
      0.6265111372096708,
      -0.15190987145868953,
      0.5414735742395036
    ],
    [
      -0.28176716117788303,
      0.5404007098837228,
      -0.2650919001976784,
      0.09960271185150754,
      -0.043585558547838237,
      -0.23938484147472908,
      0.6265111372096708,
      0.9999999999999998,
      -0.13459932208941924,
      0.5565785127018905
    ],
    [
      0.0749841075905156,
      -0.2199935354618824,
      0.09544719793431755,
      0.14597246307217562,
      -0.005227708254322097,
      0.03502304547460474,
      -0.15190987145868953,
      -0.13459932208941924,
      1.0,
      -0.13229542947101222
    ],
    [
      -0.5680382801774879,
      0.7909115575593297,
      -0.5554776639736229,
      0.21333493749452323,
      -0.015032953518176894,
      -0.5166403130923013,
      0.5414735742395036,
      0.5565785127018905,
      -0.13229542947101222,
      0.9999999999999998
    ]
  ],
  "timestamp": "2026-03-01T12:52:42.930289"
}