{
  "model": "Gemma2-Uncensored",
  "layer_type": "best_snr",
  "concepts": [
    "dolce_vs_amaro",
    "odore_forte_vs_inodore",
    "calma_vs_allerta",
    "duro_vs_morbido",
    "hot_vs_cold",
    "liscio_vs_ruvido",
    "luce_vs_buio",
    "secco_vs_umido",
    "rumore_vs_silenzio"
  ],
  "layers_used": {
    "dolce_vs_amaro": 38,
    "odore_forte_vs_inodore": 29,
    "calma_vs_allerta": 38,
    "duro_vs_morbido": 30,
    "hot_vs_cold": 37,
    "liscio_vs_ruvido": 29,
    "luce_vs_buio": 38,
    "secco_vs_umido": 38,
    "rumore_vs_silenzio": 38
  },
  "layer_sources": {
    "dolce_vs_amaro": "eval",
    "odore_forte_vs_inodore": "summary(fallback)",
    "calma_vs_allerta": "summary(fallback)",
    "duro_vs_morbido": "eval",
    "hot_vs_cold": "summary(fallback)",
    "liscio_vs_ruvido": "summary(fallback)",
    "luce_vs_buio": "summary(fallback)",
    "secco_vs_umido": "summary(fallback)",
    "rumore_vs_silenzio": "eval"
  },
  "matrix": [
    [
      1.0,
      -0.3960077489219258,
      0.2817413582498329,
      -0.3670971424024181,
      0.2146286922287863,
      0.3433803732958966,
      -0.11572072874045211,
      -0.16240277232945405,
      -0.36136695572430316
    ],
    [
      -0.3960077489219258,
      1.0,
      -0.11924920971026032,
      0.1562371376785987,
      -0.1400945473315469,
      -0.5192442746811281,
      0.2621270023657403,
      0.09592043524358038,
      0.43795426606071086
    ],
    [
      0.2817413582498329,
      -0.11924920971026032,
      1.0,
      -0.25856000819138086,
      0.001644527775318923,
      0.23592165609695245,
      -0.2352120637427639,
      0.01946403297051515,
      -0.30307076649095055
    ],
    [
      -0.3670971424024181,
      0.1562371376785987,
      -0.25856000819138086,
      1.0,
      -0.1237339058555251,
      -0.21145925895394302,
      0.10044343279961275,
      0.17400848557676038,
      0.235025563264565
    ],
    [
      0.2146286922287863,
      -0.1400945473315469,
      0.001644527775318923,
      -0.1237339058555251,
      1.0,
      0.07784939557628162,
      0.13238581665700755,
      -0.08359241710671714,
      -0.013810935706904977
    ],
    [
      0.3433803732958966,
      -0.5192442746811281,
      0.23592165609695245,
      -0.21145925895394302,
      0.07784939557628162,
      1.0,
      -0.24172957924434874,
      -0.15907265195607365,
      -0.37633781801077537
    ],
    [
      -0.11572072874045211,
      0.2621270023657403,
      -0.2352120637427639,
      0.10044343279961275,
      0.13238581665700755,
      -0.24172957924434874,
      1.0000000000000002,
      -0.03995862457477654,
      0.36850351718575663
    ],
    [
      -0.16240277232945405,
      0.09592043524358038,
      0.01946403297051515,
      0.17400848557676038,
      -0.08359241710671714,
      -0.15907265195607365,
      -0.03995862457477654,
      1.0,
      0.11199747192372957
    ],
    [
      -0.36136695572430316,
      0.43795426606071086,
      -0.30307076649095055,
      0.235025563264565,
      -0.013810935706904977,
      -0.37633781801077537,
      0.36850351718575663,
      0.11199747192372957,
      1.0
    ]
  ],
  "timestamp": "2026-03-01T12:52:37.437495"
}